1545
3798
4817
1415
3363
4769
2292
2540
4965
1970
1884
1711
2385
4923
2000
1662
4550
4821
1751
4630
1646
1133
4993
3012
4141
3496
4347
2051
4347
1918
4397
3773
3862
4722
2399
4642
3343
1325
1586
2393
3153
4228
1963
2465
3534
4705
4860
2296
3244
2743
4513
2288
4659
2923
4741
2001
4643
1255
4489
1445
2786
3711
1527
2092
4029
4800
4653
3138
2042
4081
4959
1219
3710
3608
1539
1232
2354
4496
2275
4693
1142
3156
4790
1082
1339
3371
3738
4103
1649
4149
3457
3745
1943
3318
1675
4557
1412
2026
3620
3929
4370
2710
4387
2894
1509
1592
3685
4293
3172
3380
1012
1340
2265
4419
1415
2990
1728
3233
4351
3176
3020
3214
3142
2555
3671
3518
2525
3927
4851
1245
1967
4802
4791
3919
1472
4998
1622
1578
2965
4220
4265
4014
4393
4634
2324
4089
2838
1809
1661
2216
3583
1962
4311
3559
4593
3498
1912
2799
3336
4651
1133
1486
2254
4475
4896
3808
1714
3698
2218
3722
1589
3266
3896
3051
1967
4638
3351
4043
3711
3982
4013
1807
3973
1749
4839
4116
1749
3532
1280
2072
3175
3353
4263
1413
4406
3426
2303
4382
4626
3472
1001
2610
4497
1160
2003
1557
4909
1335
1068
4777
2437
1698
4383
3248
3632
1937
3280
1984
2892
1343
3175
1839
3497
3696
3184
2547
3695
2255
3508
2474
3708
3292
1152
1653
3629
1202
1820
4070
4716
2087
4724
3578
2978
4657
1452
3287
1136
3996
1105
2324
4771
2126
3339
1438
3444
1211
2241
3334
4129
4594
2024
4723
3363
3816
2643
2860
1772
2545
2109
1073
3863
2477
3063
3986
2943
4665
1699
1015
2686
4315
1192
1610
3369
4635
1113
4321
4718
1687
3587
2914
3863
1144
3414
4710
3214
3294
2634
1000
3822
3116
4781
4277
3627
2930
2023
1077
3812
1739
2846
1795
2466
4774
4152
1824
1745
3377
3891
3131
1680
1396
1847
1951
1450
4275
1970
1218
1647
1614
2454
1429
1787
4285
1997
4779
4776
4541
2352
2702
1319
1207
3221
4324
3415
3185
2781
1067
1282
2172
3318
1298
1270
1239
3120
1236
4016
1686
3248
1522
1526
1361
1535
4768
1830
1599
2499
2618
3944
3815
1816
3865
1812
4801
2778
1074
3936
4041
2241
3673
3961
4649
1939
4949
1997
2914
4128
4751
1973
3636
2280
1809
3809
2946
3351
4770
3204
3322
4170
2043
4881
4459
3813
1098
1662
2740
4060
3061
3299
3385
3523
2042
1741
1572
4436
1048
3479
4819
2259
1520
2494
3968
4733
3155
4257
2236
3081
4017
4593
3183
2000
4614
4897
1827
4868
3063
4869
2355
2625
2356
3255
4202
4467
1085
1141
3403
2509
3267
3909
2352
4285
1743
2421
3077
2039
2583
4332
3462
4234
2821
3814
1829
1119
4170
4924
3829
1781
3211
3089
4223
2153
4839
1345
2981
3880
4146
4167
4328
2479
1416
1137
3242
4096
4776
3359
4129
4096
2194
3833
2777
4216
3743
1637
4570
1632
3936
2943
1788
3702
3282
3196
2825
1018
3571
4119
4102
2546
1905
3376
3795
4900
2211
4277
3792
1493
4291
1901
2896
3772
3108
1522
4137
1759
4070
2016
2104
3882
4266
2856
3227
3192
1820
2292
3217
2905
3257
3065
4091
2304
3313
4321
1392
1638
4396
3388
2593
3027
1620
3952
3403
2437
3523
3185
1470
4610
1430
4915
4304
4506
3970
3444
3415
1114
2912
2633
3707
2939
4984
1645
1405
2832
4805
2726
3648
4950
2319
3903
2916
2980
3428
4464
1594
2475
4904
2462
3388
4490
3906
1817
1777
1741
1970
1313
2895
3963
1331
3209
3995
2640
2111
3836
3406
4450
1527
4504
3930
4486
2871
4617
2137
2618
2720
4156
2597
1558
3863
3393
1475
2598
4527
1827
4183
4091
1283
3561
4855
3466
3963
2666
3086
2743
2711
4198
1448
3979
1416
1298
4211
2185
4952
2522
4807
2352
4546
3239
1029
1352
1361
2215
2255
4691
2046
3117
3546
1986
2780
3155
2948
3327
3844
3419
4337
2616
2831
4418
3414
3987
3229
3802
3857
2345
2346
1744
1623
2276
1023
4484
4371
3958
1499
4608
4047
1922
2182
2757
2212
1779
4103
1584
1970
4092
3295
1574
2114
2203
4790
1338
4518
4436
3282
2323
1173
1436
1964
4100
3987
4635
2338
1351
2407
2996
3608
2024
4972
3916
3228
2591
3879
1934
4468
4599
2416
2216
3639
2751
2309
2689
3922
1348
1420
3940
4037
3032
3274
3855
4758
2368
2564
1540
1521
4674
4564
3504
3531
4414
2558
3676
2911
1477
3752
1831
3249
3138
1382
4046
3566
2968
2290
4133
2416
1057
4549
1164
3042
3647
3778
1665
4074
4441
2021
4206
2331
3446
4814
3831
4414
1058
3745
3553
1712
1597
2003
4924
1479
4420
1568
4120
1210
4124
3645
3215
1409
3614
3059
1149
4137
3501
4195
3155
2600
2809
2971
3072
1800
3201
1536
1431
1536
1365
4880
1395
1895
1337
4690
3245
4738
3653
4231
4787
3571
3499
3706
1534
1274
4873
1657
3324
3455
4494
3411
3890
2794
1952
3260
2504
1180
3621
2035
4031
4240
1145
3078
4032
1760
3153
4295
3314
1524
4988
4660
4339
1893
3205
4888
1614
2214
3300
4393
4569
2747
3302
1909
4215
1685
2724
1706
3693
4557
2717
4067
2049
3393
4918
1711
1964
2063
1710
3152
2336
4536
3394
2992
4564
3726
4221
4359
1721
1759
4742
3384
4122
3976
4121
2960
1570
2286
1200
4551
3489
3763
4552
4545
1694
4052
4676
2199
2381
3121
1128
2230
3118
3512
2010
2848
1419
4727
4585
3425
1336
3939
3085
2770
2944
2339
1549
3830
4291
4185
1884
1093
4709
3184
4794
1044
4444
2822
1365
4858
2495
1758
3458
4882
1092
3582
4805
1819
4118
4278
1381
4859
2545
3645
3787
4336
2198
3228
4974
3838
3798
2472
2518
1884
3193
2710
1109
2162
3138
1827
3101
2554
1698
3806
1262
3248
3977
1609
3592
1026
3175
2886
1614
1816
2759
1395
2744
4741
2020
3590
1303
3442
3694
4387
3838
3295
4574
3148
1515
3672
3831
1805
1311
1656
