1633
1849
4029
1713
3749
3103
2605
1515
2674
4114
2458
2703
1741
3020
3037
1777
1402
3068
4218
1581
4564
1529
4805
4973
4188
2620
1778
2633
2143
2425
1617
1689
2957
4479
3101
3218
2139
2340
1604
2273
3910
3488
4115
2798
4074
1028
2361
1494
3403
2603
2065
2403
1852
3919
1500
4994
1333
4227
2491
3192
3924
2344
3365
1232
1174
2655
4421
2296
4635
2903
1151
4853
1312
4023
4257
2484
4156
1718
1440
3622
2859
3094
4606
1733
4074
1569
2406
3367
4349
1533
1680
2773
1404
3021
3692
4947
2146
2422
4557
4352
4682
2025
2118
1814
4695
1245
2356
3827
1957
4040
2135
1486
4591
1713
4773
1483
3394
2259
1312
1521
1072
4885
3239
2478
2617
2766
2852
3805
3696
1601
2095
4559
3138
3803
3180
1789
1273
2052
4836
3767
3399
4742
1963
4074
3357
1577
4924
1913
3062
1519
3747
3911
1619
3070
2619
3651
4375
2332
4335
4472
4348
2744
2763
1520
2017
2019
3985
1343
2652
1917
4568
2356
4756
3364
4969
3607
4105
3225
3687
1943
2906
3562
1445
2035
2162
3643
1857
2366
2533
2134
2797
1815
1787
1139
4449
1906
4406
3753
3332
3674
4659
4094
2854
3614
2670
3351
3194
2012
1462
2228
3734
2609
3135
1961
1952
2097
2799
2853
2399
1351
4815
3339
3504
2081
4974
3787
3267
1329
3456
2130
4097
4702
2604
3178
4217
2026
3400
2641
1874
2693
1012
1355
4558
2494
4138
2900
1671
1042
2415
1734
4466
1392
4623
3121
4999
1514
4210
4855
1814
3958
3249
1396
2198
1932
3591
1011
1858
1892
4172
1379
4188
2563
3398
2549
1486
1574
4991
3232
3502
3702
4225
1415
1814
3065
1125
1310
1897
1088
3235
3609
3239
2737
3725
1474
4858
4318
4305
3271
1619
3762
1042
1035
3858
3217
2619
4090
4073
2533
1612
2766
3432
2146
4648
2226
2424
3307
1774
1315
1433
4898
2487
1968
4280
4505
4217
2193
2554
2520
1598
1459
2535
3863
1094
3946
2771
4264
4251
2658
3682
3637
3345
1334
1019
2390
2593
1771
3552
3846
3894
1069
3882
2686
4438
4950
2951
4757
3158
2719
2342
1800
4000
4851
3006
2970
3162
2313
4249
4187
4517
3523
3473
4303
3122
3819
1580
1490
3491
1018
1828
1406
2409
3680
1589
3998
1711
4803
1034
3094
4348
3933
4157
3473
4355
1701
1092
2480
3374
2215
4373
4075
2330
4716
4263
3744
2722
1772
1196
3186
3034
1925
2903
4571
1929
2605
1609
1159
1719
4689
3128
3013
4980
4066
2969
4942
1258
4914
3675
2222
1128
4892
3502
1496
3056
1416
1497
2484
2295
1954
2084
1615
1607
3730
4710
3456
2794
2711
4107
1184
3657
2240
2774
4144
2520
2808
2907
4747
4660
2789
1096
1240
4247
4980
3560
4237
4940
4040
4221
3275
3362
1283
3489
2305
4174
2273
2166
2227
3318
3432
3652
1179
1528
4726
4228
2983
2645
2090
2483
4666
4814
3393
1091
2384
4730
3911
4656
1369
4568
3756
3121
4683
3544
3756
1667
1894
3828
1791
1562
1635
1923
4833
2434
4593
4242
1698
1250
4101
4550
1746
4684
2362
1003
3253
3526
3446
1386
3594
2807
4981
4544
2452
3299
4117
2196
2377
1341
4697
1219
3216
2538
4691
1225
4566
2985
4720
2669
3548
3135
1306
1999
3491
1884
4595
2486
2561
1998
1976
2302
3834
2072
1272
4751
1189
4530
3838
3528
2497
3019
2650
3791
2385
1558
1685
1339
4644
2654
3506
4647
1959
4341
4438
3849
2412
3912
4584
2427
3475
3030
2364
2692
4613
2201
2566
3247
2734
1780
2417
2307
3571
4107
1047
1607
4161
4955
4056
4987
3804
1205
1147
2898
1983
3078
1212
1890
3450
3144
4470
4795
4947
2053
4280
3919
4693
3542
1956
4303
4158
2634
1300
4813
2751
1753
1644
1827
1744
4162
4079
1546
3087
4661
4924
3225
1110
3104
2531
4447
4834
3319
2728
3432
1345
2745
4638
4784
1517
2228
2407
3890
3504
3887
3911
4543
2161
4900
1694
1891
2915
4126
3751
1763
4006
4847
4502
1860
1095
1268
4817
1694
1598
2867
2108
4241
2800
3684
1183
4381
2965
2657
3614
3624
2875
2133
4805
1210
3541
1791
1005
1414
3896
2338
3170
1786
1555
3900
4785
4348
1821
2925
2188
2864
1479
4425
1474
2147
1028
3440
4975
3355
3409
2968
1520
3429
1150
3800
1210
4220
4553
3183
4093
4468
1987
3630
1711
2171
1170
3678
1515
2969
4104
2349
1891
2318
4326
4531
4246
2476
2713
3716
1058
2595
4296
3229
2761
4662
1050
1553
1419
2374
4431
2408
4537
2963
1353
2778
2922
4803
3976
1483
1781
4842
4261
4456
1181
3712
2457
2222
2376
3073
3923
3353
2265
3049
4055
3451
2385
1497
2811
3357
4037
1557
4639
3214
2403
3324
3338
1793
3657
2444
1856
1598
2042
1347
2955
3304
2128
2450
4415
2050
4329
3612
3966
4287
1655
1116
2519
1950
1350
1638
4606
3455
1257
4070
1939
2206
4347
3627
3861
4659
2584
1839
4906
3682
1503
4687
3041
3764
1259
1683
4387
3256
2140
1551
4251
3801
2905
2567
3703
4791
3129
1512
2680
2030
2848
1900
1062
2465
4632
4938
1969
2650
2683
1058
2607
3197
2888
3413
2579
3851
1908
3191
2850
3156
1971
4548
1996
1391
1699
2090
4793
3351
4228
1689
2205
2996
3340
3674
3382
2494
3884
1087
1666
1804
4106
1018
4627
1805
3961
4514
1542
2701
1251
1227
1189
4210
2309
1759
1045
1528
4073
1548
4164
4351
3984
3967
2207
1708
4398
4139
2382
2104
4124
4696
1540
4935
1381
1193
4798
3824
2861
3557
2883
1319
1315
3431
2552
2740
3667
1738
1004
3528
2068
4998
2046
2790
1872
3054
1448
3278
1328
4411
3450
2499
3526
1225
3354
4208
3583
1082
2074
4336
4609
3629
4175
2882
1002
2323
4271
2494
1848
2348
4376
3501
4875
2259
4220
3957
3087
4995
4118
2782
1058
3295
1489
4513
1857
2890
1190
4238
1169
3608
2133
3488
1197
2888
4173
3273
3868
4724
4143
1001
3563
