1164
1968
1906
1284
1169
1500
1179
1592
1364
1530
1720
1054
1825
1186
1660
1078
1054
1522
1314
1674
1490
1642
1577
1309
1911
1868
1909
1592
1840
1308
1140
1550
1159
1531
1837
1493
1591
1717
1965
1541
1784
1430
1250
1287
1344
1897
1912
1635
1284
1250
1753
1743
1435
1475
1428
1894
1360
1805
1131
1755
1439
1015
1229
1369
1442
1462
1597
1903
1810
1184
1922
1137
1588
1441
1126
1643
1225
1453
1669
1916
1853
1105
1356
1445
1678
1459
1170
1252
1351
1635
1158
1033
1822
1129
1863
1088
1282
1213
1305
1539
1094
1277
1249
1125
1985
1973
1970
1767
1527
1145
1130
1962
1307
1028
1470
1042
1613
1164
1670
1528
1046
1073
1869
1567
1515
1794
1195
1059
1351
1402
1376
1388
1541
1487
1310
1133
1287
1613
1568
1068
1995
1580
1581
1342
1166
1376
1043
1775
1327
1801
1156
1389
1184
1424
1956
1436
1783
1947
1543
1418
1712
1005
1184
1678
1134
1979
1477
1701
1958
1144
1950
1655
1640
1780
1432
1988
1121
1211
1230
1340
1388
1543
1524
1505
1987
1890
1201
1120
1745
1112
1914
1726
1790
1496
1813
1309
1692
1401
1943
1328
1241
1875
1133
1185
1204
1373
1199
1481
1666
1276
1746
1775
1737
1981
1437
1390
1470
1072
1160
1711
1925
1430
1953
1755
1929
1305
1983
1735
1076
1596
1681
1666
1012
1917
1757
1930
1168
1537
1472
1301
1140
1382
1141
1130
1780
1677
1093
1878
1564
1374
1408
1628
1852
1948
1908
1841
1566
1833
1675
1311
1676
1043
1543
1598
1167
1442
1648
1044
1157
1196
1516
1638
1701
1913
1356
1054
1236
1727
1910
1860
1485
1562
1539
1677
1974
1913
1757
1992
1943
1282
1129
1863
1282
1714
1405
1480
1993
1528
1771
1236
1822
1069
1330
1373
1448
1168
1052
1918
1654
1401
1946
1624
1803
1354
1289
1667
1515
1365
1848
1126
1069
1423
1504
1064
1164
1527
1850
1125
1909
1743
1841
1681
1183
1415
1964
1269
1077
1628
1555
1513
1553
1353
1988
1984
1605
1447
1791
1534
1023
1308
1659
1779
1526
1420
1772
1642
1846
1076
1596
1043
1019
1230
1821
1452
1375
1799
1045
1055
1542
1553
1325
1002
1151
1277
1213
1443
1960
1688
1775
1645
1757
1365
1135
1445
1846
1774
1504
1620
1995
1185
1580
1603
1259
1177
1333
1700
1804
1978
1319
1725
1935
1694
1347
1633
1640
1579
1584
1876
1258
1109
1913
1524
1683
1942
1677
1019
1158
1996
1382
1914
1887
1785
1416
1675
1747
1990
1013
1525
1065
1977
1276
1939
1975
1930
1576
1713
1283
1351
1022
1275
1645
1754
1778
1781
1236
1050
1239
1260
1467
1894
1743
1731
1180
1866
1532
1415
1237
1572
1439
1861
1858
1684
1474
1280
1268
1819
1304
1428
1756
1274
1893
1779
1729
1223
1520
1661
1340
1810
1055
1881
1793
1249
1983
1685
1876
1155
1875
1432
1543
1920
1076
1547
1790
1606
1688
1190
1769
1775
1129
1098
1232
1930
1540
1631
1221
1129
1685
1056
1917
1725
1862
1050
1428
1767
1072
1165
1403
1830
1304
1007
1657
1223
1589
1484
1537
1876
1296
1619
1932
1465
1129
1229
1731
1501
1657
1221
1579
1932
1935
1733
1983
1599
1081
1598
1074
1029
1962
1100
1308
1165
1788
1068
1084
1310
1557
1283
1044
1237
1746
1825
1040
1215
1659
1423
1297
1255
1615
1734
1052
1309
1066
1212
1780
1990
1777
1636
1691
1424
1170
1710
1299
1260
1533
1852
1878
1983
1138
1168
1268
1230
1997
1577
1069
1497
1114
1874
1043
1137
1775
1030
1673
1911
1193
1588
1134
1593
1652
1930
1811
1431
1710
1702
1284
1887
1013
1036
1980
1522
1011
1722
1906
1207
1117
1332
1448
1093
1858
1011
1751
1072
1017
1399
1440
1617
1081
1516
1841
1999
1062
1631
1517
1278
1030
1667
1129
1052
1641
1126
1178
1333
1036
1783
1201
1259
1055
1876
1846
1599
1596
1801
1924
1813
1736
1786
1540
1442
1048
1263
1341
1721
1343
1704
1497
1677
1275
1896
1351
1800
1230
1971
1326
1941
1870
1657
1080
1405
1121
1650
1356
1135
1666
1610
1674
1134
1422
1762
1777
1803
1038
1534
1517
1036
1856
1576
1503
1661
1738
1941
1133
1152
1407
1486
1243
1276
1635
1365
1171
1909
1600
1092
1884
1601
1507
1160
1006
1906
1345
1376
1146
1854
1301
1248
1030
1137
1197
1732
1064
1328
1762
1260
1834
1726
1251
1331
1641
1068
1093
1941
1139
1102
1834
1009
1633
1442
1115
1080
1408
1701
1027
1965
1487
1233
1375
1796
1769
1195
1718
1490
1268
1900
1418
1476
1853
1255
1586
1543
1259
1910
1651
1196
1062
1515
1893
1374
1926
1270
1875
1993
1030
1810
1323
1589
1622
1696
1056
1004
1799
1502
1101
1241
1976
1290
1637
1401
1131
1834
1153
1978
1248
1390
1472
1439
1418
1346
1700
1221
1974
1206
1771
1416
1121
1111
1321
1802
1419
1464
1568
1634
1037
1192
1964
1231
1177
1085
1448
1564
1636
1276
1215
1315
1721
1912
1979
1281
1857
1458
1659
1609
1942
1389
1229
1950
1818
1758
1949
1506
1783
1121
1047
1599
1888
1479
1611
1073
1042
1948
1288
1343
1239
1156
1024
1754
1374
1459
1938
1593
1439
1150
1321
1541
1538
1640
1929
1786
1948
1826
1252
1959
1746
1131
1020
1491
1625
1117
1612
1071
1881
1794
1232
1331
1306
1322
1714
1263
1851
1038
1868
1678
1401
1811
1576
1079
1811
1819
1775
1142
1779
1120
1303
1584
1126
1016
1192
1766
1426
1900
1510
1821
1435
1386
1231
1389
1804
1107
1661
1747
1861
1793
1873
1487
1119
1947
1667
1583
1585
1402
1699
1877
1402
1876
1965
1347
1103
1902
1987
1619
1658
1095
1103
1298
1296
1457
1445
1520
1359
1569
1420
1707
1978
1904
1057
1059
1332
1180
1808
1661
1803
1014
1166
1313
1481
1459
1799
1956
1548
1341
1208
1668
1106
1747
1098
1080
1803
1931
1031
1035
1445
1864
1671
1414
