1065
1323
1271
1187
1034
1476
1152
1094
1801
1272
1030
1611
1026
1313
1012
1617
1674
1858
1824
1020
1477
1846
1815
1997
1661
1485
1222
1821
1627
1722
1599
1977
1871
1746
1444
1779
1208
1303
1299
1244
1883
1268
1960
1349
1909
1939
1930
1057
1170
1902
1823
1227
1702
1023
1575
1686
1139
1508
1950
1684
1243
1890
1580
1773
1698
1224
1069
1844
1035
1816
1702
1663
1508
1006
1784
1384
1472
1047
1547
1981
1878
1265
1981
1831
1487
1199
1815
1800
1970
1629
1241
1034
1218
1187
1162
1696
1651
1103
1965
1230
1936
1505
1918
1958
1385
1634
1388
1100
1503
1524
1927
1332
1925
1345
1306
1855
1758
1918
1869
1986
1176
1427
1576
1751
1032
1816
1827
1931
1403
1881
1403
1146
1458
1330
1293
1897
1985
1208
1666
1081
1775
1123
1404
1125
1349
1562
1812
1956
1874
1118
1491
1790
1340
1325
1203
1827
1034
1337
1224
1396
1472
1762
1863
1690
1406
1214
1390
1642
1564
1428
1516
1612
1352
1565
1425
1158
1266
1814
1130
1305
1565
1353
1557
1172
1871
1407
1430
1204
1417
1314
1728
1846
1453
1273
1114
1951
1437
1241
1406
1379
1729
1922
1320
1317
1007
1093
1111
1985
1843
1940
1616
1816
1431
1258
1187
1191
1562
1316
1790
1882
1298
1193
1724
1494
1826
1041
1206
1281
1368
1757
1696
1832
1036
1466
1442
1882
1831
1931
1778
1406
1524
1166
1010
1566
1789
1307
1387
1631
1379
1796
1453
1215
1706
1854
1826
1906
1808
1520
1069
1335
1338
1154
1045
1993
1529
1186
1273
1127
1997
1198
1439
1834
1221
1900
1722
1423
1328
1063
1542
1749
1660
1185
1956
1243
1599
1034
1793
1649
1408
1462
1949
1590
1780
1602
1378
1732
1465
1753
1365
1422
1733
1115
1720
1831
1477
1659
1631
1145
1892
1944
1920
1488
1184
1720
1716
1420
1021
1436
1096
1717
1647
1309
1565
1284
1843
1250
1252
1147
1245
1751
1946
1644
1132
1989
1204
1083
1426
1445
1524
1635
1905
1926
1338
1956
1711
1337
1012
1337
1265
1227
1015
1792
1805
1135
1607
1607
1697
1676
1513
1915
1167
1288
1302
1022
1433
1904
1980
1704
1492
1993
1884
1628
1194
1893
1499
1766
1557
1779
1428
1476
1433
1573
1286
1019
1889
1778
1486
1392
1299
1397
1610
1628
1289
1728
1063
1018
1174
1757
1568
1769
1744
1790
1753
1984
1375
1156
1026
1269
1809
1028
1158
1887
1098
1491
1494
1399
1996
1138
1067
1910
1078
1884
1400
1890
1001
1261
1437
1028
1964
1403
1929
1014
1972
1936
1873
1954
1261
1207
1995
1515
1299
1765
1763
1005
1854
1653
1371
1722
1399
1644
1707
1040
1334
1669
1322
1791
1317
1056
1357
1238
1867
1022
1510
1130
1151
1759
1459
1298
1734
1934
1714
1557
1023
1646
1770
1220
1483
1186
1316
1676
1129
1418
1395
1628
1191
1874
1468
1423
1638
1092
1303
1746
1462
1554
1407
1851
1892
1044
1115
1210
1294
1701
1710
1636
1094
1598
1427
1477
1611
1756
1174
1656
1577
1877
1451
1764
1520
1207
1813
1832
1120
1765
1399
1396
1379
1586
1885
1682
1052
1501
1319
1107
1211
1381
1198
1773
1704
1832
1195
1211
1216
1628
1893
1183
1310
1704
1326
1848
1179
1915
1544
1225
1719
1449
1160
1556
1436
1641
1638
1473
1431
1738
1260
1843
1087
1597
1431
1907
1180
1243
1593
1871
1104
1301
1730
1798
1752
1256
1361
1297
1133
1364
1485
1592
1541
1191
1935
1766
1966
1086
1453
1165
1044
1841
1980
1293
1702
1431
1820
1701
1569
1660
1748
1665
1734
1154
1180
1859
1994
1796
1654
1754
1673
1904
1480
1133
1448
1802
1908
1572
1249
1528
1477
1028
1202
1133
1356
1768
1512
1503
1926
1557
1291
1768
1609
1314
1052
1469
1733
1331
1107
1756
1104
1843
1413
1533
1925
1176
1883
1971
1183
1693
1618
1152
1080
1345
1405
1229
1573
1822
1003
1266
1795
1340
1123
1848
1938
1820
1645
1259
1753
1495
1319
1447
1785
1939
1325
1403
1023
1046
1012
1952
1577
1764
1061
1553
1655
1195
1138
1587
1826
1020
1989
1982
1318
1845
1197
1183
1131
1254
1665
1038
1708
1872
1484
1288
1039
1057
1991
1711
1061
1896
1572
1067
1991
1123
1797
1247
1908
1853
1065
1691
1942
1248
1820
1444
1732
1686
1858
1718
1286
1129
1169
1328
1895
1717
1558
1366
1962
1615
1965
1734
1329
1441
1662
1501
1453
1945
1340
1571
1221
1584
1639
1637
1433
1935
1180
1590
1574
1013
1264
1190
1924
1725
1315
1757
1048
1405
1153
1382
1952
1065
1742
1764
1560
1712
1556
1842
1280
1598
1177
1003
1367
1133
1833
1838
1763
1937
1044
1663
1476
1106
1587
1301
1143
1059
1583
1786
1441
1972
1012
1867
1510
1090
1115
1553
1186
1602
1996
1224
1669
1245
1566
1982
1020
1999
1196
1846
1092
1579
1260
1945
1004
1273
1961
1540
1805
1379
1237
1488
1486
1885
1660
1207
1891
1236
1620
1189
1446
1604
1638
1243
1194
1638
1546
1571
1915
1261
1250
1302
1992
1964
1546
1827
1513
1944
1030
1756
1848
1333
1399
1569
1789
1112
1771
1367
1214
1406
1602
1209
1685
1468
1777
1480
1894
1197
1945
1966
1211
1280
1692
1063
1543
1783
1156
1343
1968
1048
1627
1940
1372
1723
1742
1383
1253
1154
1522
1230
1183
1797
1780
1731
1040
1622
1218
1007
1500
1780
1000
1032
1119
1577
1209
1786
1162
1098
1772
1700
1098
1883
1220
1472
1041
1135
1660
1375
1615
1972
1693
1238
1298
1932
1125
1797
1715
1162
1770
1539
1272
1463
1624
1158
1297
1714
1494
1339
1676
1024
1441
1389
1073
1197
1743
1666
1861
1059
1680
1739
1977
1097
1031
1811
1243
1312
1222
1002
1390
1912
1197
1676
1920
1646
1044
1707
1948
1116
1380
1705
1349
1766
1951
1728
1627
1932
1628
1976
1646
1940
1639
1494
1424
1480
1766
1395
1539
1737
1893
1431
1934
1151
