1
5
13
20
26
32
33
57
59
67
69
74
75
88
90
92
93
96
96
101
114
125
128
131
133
135
148
151
154
159
161
162
166
169
173
177
178
179
179
183
184
189
190
197
206
212
216
220
221
239
240
252
256
261
262
267
273
277
282
282
305
307
315
318
320
328
330
344
345
345
347
347
351
361
364
366
367
372
374
384
387
389
394
408
419
430
430
431
433
457
458
458
462
464
469
471
473
474
477
478
481
488
494
496
501
510
514
516
517
518
528
530
532
537
539
541
544
547
564
565
575
578
579
589
600
604
607
620
621
622
628
650
663
664
674
677
679
679
679
683
689
692
697
702
702
705
710
714
721
722
728
730
737
747
766
786
789
793
794
797
799
807
816
824
832
837
838
839
849
854
865
868
869
869
877
881
883
883
883
886
891
894
897
897
899
902
906
915
919
923
923
933
934
937
939
948
948
949
957
963
965
987
996
1002
1006
1006
1027
1031
1036
1045
1048
1052
1054
1059
1062
1063
1065
1067
1070
1071
1072
1076
1087
1093
1094
1098
1100
1114
1116
1118
1122
1130
1131
1139
1148
1159
1161
1183
1186
1189
1192
1199
1201
1204
1213
1224
1225
1237
1240
1253
1254
1258
1259
1261
1263
1264
1266
1272
1276
1285
1288
1288
1289
1294
1297
1298
1299
1303
1314
1315
1343
1344
1351
1354
1356
1356
1361
1370
1382
1385
1392
1405
1410
1411
1413
1418
1425
1428
1430
1435
1438
1441
1443
1460
1465
1467
1471
1473
1475
1484
1484
1486
1495
1498
1499
1503
1506
1511
1519
1519
1519
1528
1534
1534
1535
1537
1549
1555
1573
1577
1578
1586
1586
1593
1594
1595
1598
1598
1606
1616
1622
1626
1626
1627
1640
1647
1651
1654
1657
1662
1665
1678
1687
1688
1702
1703
1713
1722
1723
1729
1741
1747
1752
1753
1757
1757
1777
1784
1784
1785
1798
1812
1820
1827
1827
1834
1834
1835
1848
1853
1859
1864
1883
1895
1912
1915
1927
1931
1931
1933
1940
1940
1942
1944
1945
1947
1949
1957
1958
1962
1971
1974
1979
2002
2006
2009
2016
2019
2021
2024
2029
2032
2035
2035
2044
2047
2049
2052
2060
2064
2071
2074
2075
2086
2087
2091
2095
2098
2098
2106
2107
2109
2110
2112
2113
2115
2116
2117
2120
2125
2128
2138
2145
2151
2155
2157
2159
2159
2163
2166
2168
2177
2179
2183
2186
2189
2192
2193
2194
2203
2214
2216
2233
2238
2240
2241
2243
2261
2262
2264
2266
2272
2276
2277
2278
2283
2290
2295
2296
2303
2308
2315
2316
2317
2323
2337
2337
2338
2343
2348
2353
2357
2357
2369
2374
2381
2382
2386
2389
2399
2402
2406
2414
2414
2416
2420
2421
2421
2426
2434
2448
2455
2463
2471
2475
2482
2483
2496
2511
2525
2526
2526
2535
2539
2542
2549
2556
2556
2561
2565
2568
2573
2575
2583
2583
2586
2589
2599
2604
2605
2621
2622
2629
2638
2644
2650
2652
2652
2652
2660
2662
2663
2664
2665
2693
2694
2711
2724
2724
2728
2757
2758
2761
2762
2764
2764
2765
2771
2772
2783
2790
2792
2794
2798
2801
2803
2806
2810
2816
2825
2830
2839
2854
2854
2858
2860
2870
2879
2881
2884
2885
2898
2905
2914
2921
2926
2934
2935
2938
2940
2953
2962
2964
2965
2966
2969
2970
2977
2983
2983
2984
2988
2996
2996
3000
3002
3004
3010
3014
3016
3017
3022
3036
3036
3048
3050
3056
3064
3065
3066
3069
3070
3076
3079
3084
3088
3092
3094
3097
3097
3100
3103
3110
3117
3119
3141
3143
3150
3152
3159
3160
3161
3167
3167
3167
3169
3173
3183
3185
3187
3190
3195
3204
3207
3211
3213
3214
3220
3220
3224
3225
3227
3229
3241
3242
3250
3251
3253
3259
3261
3263
3264
3267
3275
3282
3282
3284
3288
3288
3293
3296
3303
3313
3325
3325
3336
3337
3341
3342
3342
3351
3353
3356
3357
3362
3365
3372
3376
3381
3382
3394
3399
3400
3407
3408
3413
3419
3427
3435
3441
3441
3445
3447
3453
3455
3467
3467
3468
3471
3479
3486
3487
3488
3492
3495
3499
3505
3511
3511
3511
3513
3517
3523
3532
3535
3544
3548
3549
3549
3552
3553
3560
3561
3562
3562
3569
3570
3572
3573
3575
3579
3585
3587
3596
3599
3608
3615
3627
3628
3633
3641
3642
3643
3652
3654
3655
3660
3660
3669
3672
3677
3686
3689
3690
3694
3698
3708
3710
3717
3726
3739
3741
3754
3755
3768
3773
3774
3785
3791
3795
3813
3821
3830
3833
3834
3839
3842
3849
3852
3855
3863
3870
3876
3876
3885
3891
3895
3898
3898
3898
3899
3905
3905
3910
3912
3916
3919
3932
3950
3953
3953
3960
3970
3973
3975
3975
3990
3998
4000
4000
4004
4007
4008
4010
4016
4026
4027
4044
4050
4053
4062
4072
4077
4078
4082
4091
4099
4100
4103
4111
4122
4124
4125
4127
4140
4143
4152
4153
4153
4153
4164
4169
4171
4176
4181
4182
4193
4198
4204
4204
4205
4218
4222
4224
4227
4233
4238
4244
4255
4257
4258
4266
4276
4278
4279
4312
4316
4317
4320
4322
4334
4335
4338
4341
4344
4362
4372
4387
4392
4392
4396
4398
4400
4402
4424
4429
4432
4438
4444
4449
4455
4464
4494
4503
4504
4507
4514
4518
4523
4523
4526
4528
4530
4534
4546
4548
4554
4568
4576
4577
4581
4586
4593
4595
4600
4601
4613
4613
4616
4616
4618
4627
4641
4656
4663
4670
4673
4680
4683
4703
4721
4722
4723
4725
4739
4744
4744
4753
4753
4755
4764
4765
4774
4778
4780
4793
4794
4799
4804
4806
4806
4808
4816
4829
4850
4872
4873
4873
4876
4879
4880
4885
4891
4900
4907
4910
4911
4913
4929
4929
4930
4941
4950
4955
4956
4961
4962
4966
4967
4993
1
5
13
20
26
32
33
57
59
67
69
74
75
88
90
92
93
96
96
101
114
125
128
131
133
135
148
151
154
159
161
162
166
169
173
177
178
179
179
183
184
189
190
197
206
212
216
220
221
239
240
252
256
261
262
267
273
277
282
282
305
307
315
318
320
328
330
344
345
345
347
347
351
361
364
366
367
372
374
384
387
389
394
408
419
430
430
431
433
457
458
458
462
464
469
471
473
474
477
478
481
488
494
496
501
510
514
516
517
518
528
530
532
537
539
541
544
547
564
565
575
578
579
589
600
604
607
620
621
622
628
650
663
664
674
677
679
679
679
683
689
692
697
702
702
705
710
714
721
722
728
730
737
747
766
786
789
793
794
797
799
807
816
824
832
837
838
839
849
854
865
868
869
869
877
881
883
883
883
886
891
894
897
897
899
902
906
915
919
923
923
933
934
937
939
948
948
949
957
963
965
987
996
1002
1006
1006
1027
1031
1036
1045
1048
1052
1054
1059
1062
1063
1065
1067
1070
1071
1072
1076
1087
1093
1094
1098
1100
1114
1116
1118
1122
1130
1131
1139
1148
1159
1161
1183
1186
1189
1192
1199
1201
1204
1213
1224
1225
1237
1240
1253
1254
1258
1259
1261
1263
1264
1266
1272
1276
1285
1288
1288
1289
1294
1297
1298
1299
1303
1314
1315
1343
1344
1351
1354
1356
1356
1361
1370
1382
1385
1392
1405
1410
1411
1413
1418
1425
1428
1430
1435
1438
1441
1443
1460
1465
1467
1471
1473
1475
1484
1484
1486
1495
1498
1499
1503
1506
1511
1519
1519
1519
1528
1534
1534
1535
1537
1549
1555
1573
1577
1578
1586
1586
1593
1594
1595
1598
1598
1606
1616
1622
1626
1626
1627
1640
1647
1651
1654
1657
1662
1665
1678
1687
1688
1702
1703
1713
1722
1723
1729
1741
1747
1752
1753
1757
1757
1777
1784
1784
1785
1798
1812
1820
1827
1827
1834
1834
1835
1848
1853
1859
1864
1883
1895
1912
1915
1927
1931
1931
1933
1940
1940
1942
1944
1945
1947
1949
1957
1958
1962
1971
1974
1979
2002
2006
2009
2016
2019
2021
2024
2029
2032
2035
2035
2044
2047
2049
2052
2060
2064
2071
2074
2075
2086
2087
2091
2095
2098
2098
2106
2107
2109
2110
2112
2113
2115
2116
2117
2120
2125
2128
2138
2145
2151
2155
2157
2159
2159
2163
2166
2168
2177
2179
2183
2186
2189
2192
2193
2194
2203
2214
2216
2233
2238
2240
2241
2243
2261
2262
2264
2266
2272
2276
2277
2278
2283
2290
2295
2296
2303
2308
2315
2316
2317
2323
2337
2337
2338
2343
2348
2353
2357
2357
2369
2374
2381
2382
2386
2389
2399
2402
2406
2414
2414
2416
2420
2421
2421
2426
2434
2448
2455
2463
2471
2475
2482
2483
2496
2511
2525
2526
2526
2535
2539
2542
2549
2556
2556
2561
2565
2568
2573
2575
2583
2583
2586
2589
2599
2604
2605
2621
2622
2629
2638
2644
2650
2652
2652
2652
2660
2662
2663
2664
2665
2693
2694
2711
2724
2724
2728
2757
2758
2761
2762
2764
2764
2765
2771
2772
2783
2790
2792
2794
2798
2801
2803
2806
2810
2816
2825
2830
2839
2854
2854
2858
2860
2870
2879
2881
2884
2885
2898
2905
2914
2921
2926
2934
2935
2938
2940
2953
2962
2964
2965
2966
2969
2970
2977
2983
2983
2984
2988
2996
2996
3000
3002
3004
3010
3014
3016
3017
3022
3036
3036
3048
3050
3056
3064
3065
3066
3069
3070
3076
3079
3084
3088
3092
3094
3097
3097
3100
3103
3110
3117
3119
3141
3143
3150
3152
3159
3160
3161
3167
3167
3167
3169
3173
3183
3185
3187
3190
3195
3204
3207
3211
3213
3214
3220
3220
3224
3225
3227
3229
3241
3242
3250
3251
3253
3259
3261
3263
3264
3267
3275
3282
3282
3284
3288
3288
3293
3296
3303
3313
3325
3325
3336
3337
3341
3342
3342
3351
3353
3356
3357
3362
3365
3372
3376
3381
3382
3394
3399
3400
3407
3408
3413
3419
3427
3435
3441
3441
3445
3447
3453
3455
3467
3467
3468
3471
3479
3486
3487
3488
3492
3495
3499
3505
3511
3511
3511
3513
3517
3523
3532
3535
3544
3548
3549
3549
3552
3553
3560
3561
3562
3562
3569
3570
3572
3573
3575
3579
3585
3587
3596
3599
3608
3615
3627
3628
3633
3641
3642
3643
3652
3654
3655
3660
3660
3669
3672
3677
3686
3689
3690
3694
3698
3708
3710
3717
3726
3739
3741
3754
3755
3768
3773
3774
3785
3791
3795
3813
3821
3830
3833
3834
3839
3842
3849
3852
3855
3863
3870
3876
3876
3885
3891
3895
3898
3898
3898
3899
3905
3905
3910
3912
3916
3919
3932
3950
3953
3953
3960
3970
3973
3975
3975
3990
3998
4000
4000
4004
4007
4008
4010
4016
4026
4027
4044
4050
4053
4062
4072
4077
4078
4082
4091
4099
4100
4103
4111
4122
4124
4125
4127
4140
4143
4152
4153
4153
4153
4164
4169
4171
4176
4181
4182
4193
4198
4204
4204
4205
4218
4222
4224
4227
4233
4238
4244
4255
4257
4258
4266
4276
4278
4279
4312
4316
4317
4320
4322
4334
4335
4338
4341
4344
4362
4372
4387
4392
4392
4396
4398
4400
4402
4424
4429
4432
4438
4444
4449
4455
4464
4494
4503
4504
4507
4514
4518
4523
4523
4526
4528
4530
4534
4546
4548
4554
4568
4576
4577
4581
4586
4593
4595
4600
4601
4613
4613
4616
4616
4618
4627
4641
4656
4663
4670
4673
4680
4683
4703
4721
4722
4723
4725
4739
4744
4744
4753
4753
4755
4764
4765
4774
4778
4780
4793
4794
4799
4804
4806
4806
4808
4816
4829
4850
4872
4873
4873
4876
4879
4880
4885
4891
4900
4907
4910
4911
4913
4929
4929
4930
4941
4950
4955
4956
4961
4962
4966
4967
4993
1
5
13
20
26
32
33
57
59
67
69
74
75
88
90
92
93
96
96
101
114
125
128
131
133
135
148
151
154
159
161
162
166
169
173
177
178
179
179
183
184
189
190
197
206
212
216
220
221
239
240
252
256
261
262
267
273
277
282
282
305
307
315
318
320
328
330
344
345
345
347
347
351
361
364
366
367
372
374
384
387
389
394
408
419
430
430
431
433
457
458
458
462
464
469
471
473
474
477
478
481
488
494
496
501
510
514
516
517
518
528
530
532
537
539
541
544
547
564
565
575
578
579
589
600
604
607
620
621
622
628
650
663
664
674
677
679
679
679
683
689
692
697
702
702
705
710
714
721
722
728
730
737
747
766
786
789
793
794
797
799
807
816
824
832
837
838
839
849
854
865
868
869
869
877
881
883
883
883
886
891
894
897
897
899
902
906
915
919
923
923
933
934
937
939
948
948
949
957
963
965
987
996
1002
1006
1006
1027
1031
1036
1045
1048
1052
1054
1059
1062
1063
1065
1067
1070
1071
1072
1076
1087
1093
1094
1098
1100
1114
1116
1118
1122
1130
1131
1139
1148
1159
1161
1183
1186
1189
1192
1199
1201
1204
1213
1224
1225
1237
1240
1253
1254
1258
1259
1261
1263
1264
1266
1272
1276
1285
1288
1288
1289
1294
1297
1298
1299
1303
1314
1315
1343
1344
1351
1354
1356
1356
1361
1370
1382
1385
1392
1405
1410
1411
1413
1418
1425
1428
1430
1435
1438
1441
1443
1460
1465
1467
1471
1473
1475
1484
1484
1486
1495
1498
1499
1503
1506
1511
1519
1519
1519
1528
1534
1534
1535
1537
1549
1555
1573
1577
1578
1586
1586
1593
1594
1595
1598
1598
1606
1616
1622
1626
1626
1627
1640
1647
1651
1654
1657
1662
1665
1678
1687
1688
1702
1703
1713
1722
1723
1729
1741
1747
1752
1753
1757
1757
1777
1784
1784
1785
1798
1812
1820
1827
1827
1834
1834
1835
1848
1853
1859
1864
1883
1895
1912
1915
1927
1931
1931
1933
1940
1940
1942
1944
1945
1947
1949
1957
1958
1962
1971
1974
1979
2002
2006
2009
2016
2019
2021
2024
2029
2032
2035
2035
2044
2047
2049
2052
2060
2064
2071
2074
2075
2086
2087
2091
2095
2098
2098
2106
2107
2109
2110
2112
2113
2115
2116
2117
2120
2125
2128
2138
2145
2151
2155
2157
2159
2159
2163
2166
2168
2177
2179
2183
2186
2189
2192
2193
2194
2203
2214
2216
2233
2238
2240
2241
2243
2261
2262
2264
2266
2272
2276
2277
2278
2283
2290
2295
2296
2303
2308
2315
2316
2317
2323
2337
2337
2338
2343
2348
2353
2357
2357
2369
2374
2381
2382
2386
2389
2399
2402
2406
2414
2414
2416
2420
2421
2421
2426
2434
2448
2455
2463
2471
2475
2482
2483
2496
2511
2525
2526
2526
2535
2539
2542
2549
2556
2556
2561
2565
2568
2573
2575
2583
2583
2586
2589
2599
2604
2605
2621
2622
2629
2638
2644
2650
2652
2652
2652
2660
2662
2663
2664
2665
2693
2694
2711
2724
2724
2728
2757
2758
2761
2762
2764
2764
2765
2771
2772
2783
2790
2792
2794
2798
2801
2803
2806
2810
2816
2825
2830
2839
2854
2854
2858
2860
2870
2879
2881
2884
2885
2898
2905
2914
2921
2926
2934
2935
2938
2940
2953
2962
2964
2965
2966
2969
2970
2977
2983
2983
2984
2988
2996
2996
3000
3002
3004
3010
3014
3016
3017
3022
3036
3036
3048
3050
3056
3064
3065
3066
3069
3070
3076
3079
3084
3088
3092
3094
3097
3097
3100
3103
3110
3117
3119
3141
3143
3150
3152
3159
3160
3161
3167
3167
3167
3169
3173
3183
3185
3187
3190
3195
3204
3207
3211
3213
3214
3220
3220
3224
3225
3227
3229
3241
3242
3250
3251
3253
3259
3261
3263
3264
3267
3275
3282
3282
3284
3288
3288
3293
3296
3303
3313
3325
3325
3336
3337
3341
3342
3342
3351
3353
3356
3357
3362
3365
3372
3376
3381
3382
3394
3399
3400
3407
3408
3413
3419
3427
3435
3441
3441
3445
3447
3453
3455
3467
3467
3468
3471
3479
3486
3487
3488
3492
3495
3499
3505
3511
3511
3511
3513
3517
3523
3532
3535
3544
3548
3549
3549
3552
3553
3560
3561
3562
3562
3569
3570
3572
3573
3575
3579
3585
3587
3596
3599
3608
3615
3627
3628
3633
3641
3642
3643
3652
3654
3655
3660
3660
3669
3672
3677
3686
3689
3690
3694
3698
3708
3710
3717
3726
3739
3741
3754
3755
3768
3773
3774
3785
3791
3795
3813
3821
3830
3833
3834
3839
3842
3849
3852
3855
3863
3870
3876
3876
3885
3891
3895
3898
3898
3898
3899
3905
3905
3910
3912
3916
3919
3932
3950
3953
3953
3960
3970
3973
3975
3975
3990
3998
4000
4000
4004
4007
4008
4010
4016
4026
4027
4044
4050
4053
4062
4072
4077
4078
4082
4091
4099
4100
4103
4111
4122
4124
4125
4127
4140
4143
4152
4153
4153
4153
4164
4169
4171
4176
4181
4182
4193
4198
4204
4204
4205
4218
4222
4224
4227
4233
4238
4244
4255
4257
4258
4266
4276
4278
4279
4312
4316
4317
4320
4322
4334
4335
4338
4341
4344
4362
4372
4387
4392
4392
4396
4398
4400
4402
4424
4429
4432
4438
4444
4449
4455
4464
4494
4503
4504
4507
4514
4518
4523
4523
4526
4528
4530
4534
4546
4548
4554
4568
4576
4577
4581
4586
4593
4595
4600
4601
4613
4613
4616
4616
4618
4627
4641
4656
4663
4670
4673
4680
4683
4703
4721
4722
4723
4725
4739
4744
4744
4753
4753
4755
4764
4765
4774
4778
4780
4793
4794
4799
4804
4806
4806
4808
4816
4829
4850
4872
4873
4873
4876
4879
4880
4885
4891
4900
4907
4910
4911
4913
4929
4929
4930
4941
4950
4955
4956
4961
4962
4966
4967
4993
1
5
13
20
26
32
33
57
59
67
69
74
75
88
90
92
93
96
96
101
114
125
128
131
133
135
148
151
154
159
161
162
166
169
173
177
178
179
179
183
184
189
190
197
206
212
216
220
221
239
240
252
256
261
262
267
273
277
282
282
305
307
315
318
320
328
330
344
345
345
347
347
351
361
364
366
367
372
374
384
387
389
394
408
419
430
430
431
433
457
458
458
462
464
469
471
473
474
477
478
481
488
494
496
501
510
514
516
517
518
528
530
532
537
539
541
544
547
564
565
575
578
579
589
600
604
607
620
621
622
628
650
663
664
674
677
679
679
679
683
689
692
697
702
702
705
710
714
721
722
728
730
737
747
766
786
789
793
794
797
799
807
816
824
832
837
838
839
849
854
865
868
869
869
877
881
883
883
883
886
891
894
897
897
899
902
906
915
919
923
923
933
934
937
939
948
948
949
957
963
965
987
996
1002
1006
1006
1027
1031
1036
1045
1048
1052
1054
1059
1062
1063
1065
1067
1070
1071
1072
1076
1087
1093
1094
1098
1100
1114
1116
1118
1122
1130
1131
1139
1148
1159
1161
1183
1186
1189
1192
1199
1201
1204
1213
1224
1225
1237
1240
1253
1254
1258
1259
1261
1263
1264
1266
1272
1276
1285
1288
1288
1289
1294
1297
1298
1299
1303
1314
1315
1343
1344
1351
1354
1356
1356
1361
1370
1382
1385
1392
1405
1410
1411
1413
1418
1425
1428
1430
1435
1438
1441
1443
1460
1465
1467
1471
1473
1475
1484
1484
1486
1495
1498
1499
1503
1506
1511
1519
1519
1519
1528
1534
1534
1535
1537
1549
1555
1573
1577
1578
1586
1586
1593
1594
1595
1598
1598
1606
1616
1622
1626
1626
1627
1640
1647
1651
1654
1657
1662
1665
1678
1687
1688
1702
1703
1713
1722
1723
1729
1741
1747
1752
1753
1757
1757
1777
1784
1784
1785
1798
1812
1820
1827
1827
1834
1834
1835
1848
1853
1859
1864
1883
1895
1912
1915
1927
1931
1931
1933
1940
1940
1942
1944
1945
1947
1949
1957
1958
1962
1971
1974
1979
2002
2006
2009
2016
2019
2021
2024
2029
2032
2035
2035
2044
2047
2049
2052
2060
2064
2071
2074
2075
2086
2087
2091
2095
2098
2098
2106
2107
2109
2110
2112
2113
2115
2116
2117
2120
2125
2128
2138
2145
2151
2155
2157
2159
2159
2163
2166
2168
2177
2179
2183
2186
2189
2192
2193
2194
2203
2214
2216
2233
2238
2240
2241
2243
2261
2262
2264
2266
2272
2276
2277
2278
2283
2290
2295
2296
2303
2308
2315
2316
2317
2323
2337
2337
2338
2343
2348
2353
2357
2357
2369
2374
2381
2382
2386
2389
2399
2402
2406
2414
2414
2416
2420
2421
2421
2426
2434
2448
2455
2463
2471
2475
2482
2483
2496
2511
2525
2526
2526
2535
2539
2542
2549
2556
2556
2561
2565
2568
2573
2575
2583
2583
2586
2589
2599
2604
2605
2621
2622
2629
2638
2644
2650
2652
2652
2652
2660
2662
2663
2664
2665
2693
2694
2711
2724
2724
2728
2757
2758
2761
2762
2764
2764
2765
2771
2772
2783
2790
2792
2794
2798
2801
2803
2806
2810
2816
2825
2830
2839
2854
2854
2858
2860
2870
2879
2881
2884
2885
2898
2905
2914
2921
2926
2934
2935
2938
2940
2953
2962
2964
2965
2966
2969
2970
2977
2983
2983
2984
2988
2996
2996
3000
3002
3004
3010
3014
3016
3017
3022
3036
3036
3048
3050
3056
3064
3065
3066
3069
3070
3076
3079
3084
3088
3092
3094
3097
3097
3100
3103
3110
3117
3119
3141
3143
3150
3152
3159
3160
3161
3167
3167
3167
3169
3173
3183
3185
3187
3190
3195
3204
3207
3211
3213
3214
3220
3220
3224
3225
3227
3229
3241
3242
3250
3251
3253
3259
3261
3263
3264
3267
3275
3282
3282
3284
3288
3288
3293
3296
3303
3313
3325
3325
3336
3337
3341
3342
3342
3351
3353
3356
3357
3362
3365
3372
3376
3381
3382
3394
3399
3400
3407
3408
3413
3419
3427
3435
3441
3441
3445
3447
3453
3455
3467
3467
3468
3471
3479
3486
3487
3488
3492
3495
3499
3505
3511
3511
3511
3513
3517
3523
3532
3535
3544
3548
3549
3549
3552
3553
3560
3561
3562
3562
3569
3570
3572
3573
3575
3579
3585
3587
3596
3599
3608
3615
3627
3628
3633
3641
3642
3643
3652
3654
3655
3660
3660
3669
3672
3677
3686
3689
3690
3694
3698
3708
3710
3717
3726
3739
3741
3754
3755
3768
3773
3774
3785
3791
3795
3813
3821
3830
3833
3834
3839
3842
3849
3852
3855
3863
3870
3876
3876
3885
3891
3895
3898
3898
3898
3899
3905
3905
3910
3912
3916
3919
3932
3950
3953
3953
3960
3970
3973
3975
3975
3990
3998
4000
4000
4004
4007
4008
4010
4016
4026
4027
4044
4050
4053
4062
4072
4077
4078
4082
4091
4099
4100
4103
4111
4122
4124
4125
4127
4140
4143
4152
4153
4153
4153
4164
4169
4171
4176
4181
4182
4193
4198
4204
4204
4205
4218
4222
4224
4227
4233
4238
4244
4255
4257
4258
4266
4276
4278
4279
4312
4316
4317
4320
4322
4334
4335
4338
4341
4344
4362
4372
4387
4392
4392
4396
4398
4400
4402
4424
4429
4432
4438
4444
4449
4455
4464
4494
4503
4504
4507
4514
4518
4523
4523
4526
4528
4530
4534
4546
4548
4554
4568
4576
4577
4581
4586
4593
4595
4600
4601
4613
4613
4616
4616
4618
4627
4641
4656
4663
4670
4673
4680
4683
4703
4721
4722
4723
4725
4739
4744
4744
4753
4753
4755
4764
4765
4774
4778
4780
4793
4794
4799
4804
4806
4806
4808
4816
4829
4850
4872
4873
4873
4876
4879
4880
4885
4891
4900
4907
4910
4911
4913
4929
4929
4930
4941
4950
4955
4956
4961
4962
4966
4967
4993
1
5
13
20
26
32
33
57
59
67
69
74
75
88
90
92
93
96
96
101
114
125
128
131
133
135
148
151
154
159
161
162
166
169
173
177
178
179
179
183
184
189
190
197
206
212
216
220
221
239
240
252
256
261
262
267
273
277
282
282
305
307
315
318
320
328
330
344
345
345
347
347
351
361
364
366
367
372
374
384
387
389
394
408
419
430
430
431
433
457
458
458
462
464
469
471
473
474
477
478
481
488
494
496
501
510
514
516
517
518
528
530
532
537
539
541
544
547
564
565
575
578
579
589
600
604
607
620
621
622
628
650
663
664
674
677
679
679
679
683
689
692
697
702
702
705
710
714
721
722
728
730
737
747
766
786
789
793
794
797
799
807
816
824
832
837
838
839
849
854
865
868
869
869
877
881
883
883
883
886
891
894
897
897
899
902
906
915
919
923
923
933
934
937
939
948
948
949
957
963
965
987
996
1002
1006
1006
1027
1031
1036
1045
1048
1052
1054
1059
1062
1063
1065
1067
1070
1071
1072
1076
1087
1093
1094
1098
1100
1114
1116
1118
1122
1130
1131
1139
1148
1159
1161
1183
1186
1189
1192
1199
1201
1204
1213
1224
1225
1237
1240
1253
1254
1258
1259
1261
1263
1264
1266
1272
1276
1285
1288
1288
1289
1294
1297
1298
1299
1303
1314
1315
1343
1344
1351
1354
1356
1356
1361
1370
1382
1385
1392
1405
1410
1411
1413
1418
1425
1428
1430
1435
1438
1441
1443
1460
1465
1467
1471
1473
1475
1484
1484
1486
1495
1498
1499
1503
1506
1511
1519
1519
1519
1528
1534
1534
1535
1537
1549
1555
1573
1577
1578
1586
1586
1593
1594
1595
1598
1598
1606
1616
1622
1626
1626
1627
1640
1647
1651
1654
1657
1662
1665
1678
1687
1688
1702
1703
1713
1722
1723
1729
1741
1747
1752
1753
1757
1757
1777
1784
1784
1785
1798
1812
1820
1827
1827
1834
1834
1835
1848
1853
1859
1864
1883
1895
1912
1915
1927
1931
1931
1933
1940
1940
1942
1944
1945
1947
1949
1957
1958
1962
1971
1974
1979
2002
2006
2009
2016
2019
2021
2024
2029
2032
2035
2035
2044
2047
2049
2052
2060
2064
2071
2074
2075
2086
2087
2091
2095
2098
2098
2106
2107
2109
2110
2112
2113
2115
2116
2117
2120
2125
2128
2138
2145
2151
2155
2157
2159
2159
2163
2166
2168
2177
2179
2183
2186
2189
2192
2193
2194
2203
2214
2216
2233
2238
2240
2241
2243
2261
2262
2264
2266
2272
2276
2277
2278
2283
2290
2295
2296
2303
2308
2315
2316
2317
2323
2337
2337
2338
2343
2348
2353
2357
2357
2369
2374
2381
2382
2386
2389
2399
2402
2406
2414
2414
2416
2420
2421
2421
2426
2434
2448
2455
2463
2471
2475
2482
2483
2496
2511
2525
2526
2526
2535
2539
2542
2549
2556
2556
2561
2565
2568
2573
2575
2583
2583
2586
2589
2599
2604
2605
2621
2622
2629
2638
2644
2650
2652
2652
2652
2660
2662
2663
2664
2665
2693
2694
2711
2724
2724
2728
2757
2758
2761
2762
2764
2764
2765
2771
2772
2783
2790
2792
2794
2798
2801
2803
2806
2810
2816
2825
2830
2839
2854
2854
2858
2860
2870
2879
2881
2884
2885
2898
2905
2914
2921
2926
2934
2935
2938
2940
2953
2962
2964
2965
2966
2969
2970
2977
2983
2983
2984
2988
2996
2996
3000
3002
3004
3010
3014
3016
3017
3022
3036
3036
3048
3050
3056
3064
3065
3066
3069
3070
3076
3079
3084
3088
3092
3094
3097
3097
3100
3103
3110
3117
3119
3141
3143
3150
3152
3159
3160
3161
3167
3167
3167
3169
3173
3183
3185
3187
3190
3195
3204
3207
3211
3213
3214
3220
3220
3224
3225
3227
3229
3241
3242
3250
3251
3253
3259
3261
3263
3264
3267
3275
3282
3282
3284
3288
3288
3293
3296
3303
3313
3325
3325
3336
3337
3341
3342
3342
3351
3353
3356
3357
3362
3365
3372
3376
3381
3382
3394
3399
3400
3407
3408
3413
3419
3427
3435
3441
3441
3445
3447
3453
3455
3467
3467
3468
3471
3479
3486
3487
3488
3492
3495
3499
3505
3511
3511
3511
3513
3517
3523
3532
3535
3544
3548
3549
3549
3552
3553
3560
3561
3562
3562
3569
3570
3572
3573
3575
3579
3585
3587
3596
3599
3608
3615
3627
3628
3633
3641
3642
3643
3652
3654
3655
3660
3660
3669
3672
3677
3686
3689
3690
3694
3698
3708
3710
3717
3726
3739
3741
3754
3755
3768
3773
3774
3785
3791
3795
3813
3821
3830
3833
3834
3839
3842
3849
3852
3855
3863
3870
3876
3876
3885
3891
3895
3898
3898
3898
3899
3905
3905
3910
3912
3916
3919
3932
3950
3953
3953
3960
3970
3973
3975
3975
3990
3998
4000
4000
4004
4007
4008
4010
4016
4026
4027
4044
4050
4053
4062
4072
4077
4078
4082
4091
4099
4100
4103
4111
4122
4124
4125
4127
4140
4143
4152
4153
4153
4153
4164
4169
4171
4176
4181
4182
4193
4198
4204
4204
4205
4218
4222
4224
4227
4233
4238
4244
4255
4257
4258
4266
4276
4278
4279
4312
4316
4317
4320
4322
4334
4335
4338
4341
4344
4362
4372
4387
4392
4392
4396
4398
4400
4402
4424
4429
4432
4438
4444
4449
4455
4464
4494
4503
4504
4507
4514
4518
4523
4523
4526
4528
4530
4534
4546
4548
4554
4568
4576
4577
4581
4586
4593
4595
4600
4601
4613
4613
4616
4616
4618
4627
4641
4656
4663
4670
4673
4680
4683
4703
4721
4722
4723
4725
4739
4744
4744
4753
4753
4755
4764
4765
4774
4778
4780
4793
4794
4799
4804
4806
4806
4808
4816
4829
4850
4872
4873
4873
4876
4879
4880
4885
4891
4900
4907
4910
4911
4913
4929
4929
4930
4941
4950
4955
4956
4961
4962
4966
4967
4993
1
5
13
20
26
32
33
57
59
67
69
74
75
88
90
92
93
96
96
101
114
125
128
131
133
135
148
151
154
159
161
162
166
169
173
177
178
179
179
183
184
189
190
197
206
212
216
220
221
239
240
252
256
261
262
267
273
277
282
282
305
307
315
318
320
328
330
344
345
345
347
347
351
361
364
366
367
372
374
384
387
389
394
408
419
430
430
431
433
457
458
458
462
464
469
471
473
474
477
478
481
488
494
496
501
510
514
516
517
518
528
530
532
537
539
541
544
547
564
565
575
578
579
589
600
604
607
620
621
622
628
650
663
664
674
677
679
679
679
683
689
692
697
702
702
705
710
714
721
722
728
730
737
747
766
786
789
793
794
797
799
807
816
824
832
837
838
839
849
854
865
868
869
869
877
881
883
883
883
886
891
894
897
897
899
902
906
915
919
923
923
933
934
937
939
948
948
949
957
963
965
987
996
1002
1006
1006
1027
1031
1036
1045
1048
1052
1054
1059
1062
1063
1065
1067
1070
1071
1072
1076
1087
1093
1094
1098
1100
1114
1116
1118
1122
1130
1131
1139
1148
1159
1161
1183
1186
1189
1192
1199
1201
1204
1213
1224
1225
1237
1240
1253
1254
1258
1259
1261
1263
1264
1266
1272
1276
1285
1288
1288
1289
1294
1297
1298
1299
1303
1314
1315
1343
1344
1351
1354
1356
1356
1361
1370
1382
1385
1392
1405
1410
1411
1413
1418
1425
1428
1430
1435
1438
1441
1443
1460
1465
1467
1471
1473
1475
1484
1484
1486
1495
1498
1499
1503
1506
1511
1519
1519
1519
1528
1534
1534
1535
1537
1549
1555
1573
1577
1578
1586
1586
1593
1594
1595
1598
1598
1606
1616
1622
1626
1626
1627
1640
1647
1651
1654
1657
1662
1665
1678
1687
1688
1702
1703
1713
1722
1723
1729
1741
1747
1752
1753
1757
1757
1777
1784
1784
1785
1798
1812
1820
1827
1827
1834
1834
1835
1848
1853
1859
1864
1883
1895
1912
1915
1927
1931
1931
1933
1940
1940
1942
1944
1945
1947
1949
1957
1958
1962
1971
1974
1979
2002
2006
2009
2016
2019
2021
2024
2029
2032
2035
2035
2044
2047
2049
2052
2060
2064
2071
2074
2075
2086
2087
2091
2095
2098
2098
2106
2107
2109
2110
2112
2113
2115
2116
2117
2120
2125
2128
2138
2145
2151
2155
2157
2159
2159
2163
2166
2168
2177
2179
2183
2186
2189
2192
2193
2194
2203
2214
2216
2233
2238
2240
2241
2243
2261
2262
2264
2266
2272
2276
2277
2278
2283
2290
2295
2296
2303
2308
2315
2316
2317
2323
2337
2337
2338
2343
2348
2353
2357
2357
2369
2374
2381
2382
2386
2389
2399
2402
2406
2414
2414
2416
2420
2421
2421
2426
2434
2448
2455
2463
2471
2475
2482
2483
2496
2511
2525
2526
2526
2535
2539
2542
2549
2556
2556
2561
2565
2568
2573
2575
2583
2583
2586
2589
2599
2604
2605
2621
2622
2629
2638
2644
2650
2652
2652
2652
2660
2662
2663
2664
2665
2693
2694
2711
2724
2724
2728
2757
2758
2761
2762
2764
2764
2765
2771
2772
2783
2790
2792
2794
2798
2801
2803
2806
2810
2816
2825
2830
2839
2854
2854
2858
2860
2870
2879
2881
2884
2885
2898
2905
2914
2921
2926
2934
2935
2938
2940
2953
2962
2964
2965
2966
2969
2970
2977
2983
2983
2984
2988
2996
2996
3000
3002
3004
3010
3014
3016
3017
3022
3036
3036
3048
3050
3056
3064
3065
3066
3069
3070
3076
3079
3084
3088
3092
3094
3097
3097
3100
3103
3110
3117
3119
3141
3143
3150
3152
3159
3160
3161
3167
3167
3167
3169
3173
3183
3185
3187
3190
3195
3204
3207
3211
3213
3214
3220
3220
3224
3225
3227
3229
3241
3242
3250
3251
3253
3259
3261
3263
3264
3267
3275
3282
3282
3284
3288
3288
3293
3296
3303
3313
3325
3325
3336
3337
3341
3342
3342
3351
3353
3356
3357
3362
3365
3372
3376
3381
3382
3394
3399
3400
3407
3408
3413
3419
3427
3435
3441
3441
3445
3447
3453
3455
3467
3467
3468
3471
3479
3486
3487
3488
3492
3495
3499
3505
3511
3511
3511
3513
3517
3523
3532
3535
3544
3548
3549
3549
3552
3553
3560
3561
3562
3562
3569
3570
3572
3573
3575
3579
3585
3587
3596
3599
3608
3615
3627
3628
3633
3641
3642
3643
3652
3654
3655
3660
3660
3669
3672
3677
3686
3689
3690
3694
3698
3708
3710
3717
3726
3739
3741
3754
3755
3768
3773
3774
3785
3791
3795
3813
3821
3830
3833
3834
3839
3842
3849
3852
3855
3863
3870
3876
3876
3885
3891
3895
3898
3898
3898
3899
3905
3905
3910
3912
3916
3919
3932
3950
3953
3953
3960
3970
3973
3975
3975
3990
3998
4000
4000
4004
4007
4008
4010
4016
4026
4027
4044
4050
4053
4062
4072
4077
4078
4082
4091
4099
4100
4103
4111
4122
4124
4125
4127
4140
4143
4152
4153
4153
4153
4164
4169
4171
4176
4181
4182
4193
4198
4204
4204
4205
4218
4222
4224
4227
4233
4238
4244
4255
4257
4258
4266
4276
4278
4279
4312
4316
4317
4320
4322
4334
4335
4338
4341
4344
4362
4372
4387
4392
4392
4396
4398
4400
4402
4424
4429
4432
4438
4444
4449
4455
4464
4494
4503
4504
4507
4514
4518
4523
4523
4526
4528
4530
4534
4546
4548
4554
4568
4576
4577
4581
4586
4593
4595
4600
4601
4613
4613
4616
4616
4618
4627
4641
4656
4663
4670
4673
4680
4683
4703
4721
4722
4723
4725
4739
4744
4744
4753
4753
4755
4764
4765
4774
4778
4780
4793
4794
4799
4804
4806
4806
4808
4816
4829
4850
4872
4873
4873
4876
4879
4880
4885
4891
4900
4907
4910
4911
4913
4929
4929
4930
4941
4950
4955
4956
4961
4962
4966
4967
4993
1
5
13
20
26
32
33
57
59
67
69
74
75
88
90
92
93
96
96
101
114
125
128
131
133
135
148
151
154
159
161
162
166
169
173
177
178
179
179
183
184
189
190
197
206
212
216
220
221
239
240
252
256
261
262
267
273
277
282
282
305
307
315
318
320
328
330
344
345
345
347
347
351
361
364
366
367
372
374
384
387
389
394
408
419
430
430
431
433
457
458
458
462
464
469
471
473
474
477
478
481
488
494
496
501
510
514
516
517
518
528
530
532
537
539
541
544
547
564
565
575
578
579
589
600
604
607
620
621
622
628
650
663
664
674
677
679
679
679
683
689
692
697
702
702
705
710
714
721
722
728
730
737
747
766
786
789
793
794
797
799
807
816
824
832
837
838
839
849
854
865
868
869
869
877
881
883
883
883
886
891
894
897
897
899
902
906
915
919
923
923
933
934
937
939
948
948
949
957
963
965
987
996
1002
1006
1006
1027
1031
1036
1045
1048
1052
1054
1059
1062
1063
1065
1067
1070
1071
1072
1076
1087
1093
1094
1098
1100
1114
1116
1118
1122
1130
1131
1139
1148
1159
1161
1183
1186
1189
1192
1199
1201
1204
1213
1224
1225
1237
1240
1253
1254
1258
1259
1261
1263
1264
1266
1272
1276
1285
1288
1288
1289
1294
1297
1298
1299
1303
1314
1315
1343
1344
1351
1354
1356
1356
1361
1370
1382
1385
1392
1405
1410
1411
1413
1418
1425
1428
1430
1435
1438
1441
1443
1460
1465
1467
1471
1473
1475
1484
1484
1486
1495
1498
1499
1503
1506
1511
1519
1519
1519
1528
1534
1534
1535
1537
1549
1555
1573
1577
1578
1586
1586
1593
1594
1595
1598
1598
1606
1616
1622
1626
1626
1627
1640
1647
1651
1654
1657
1662
1665
1678
1687
1688
1702
1703
1713
1722
1723
1729
1741
1747
1752
1753
1757
1757
1777
1784
1784
1785
1798
1812
1820
1827
1827
1834
1834
1835
1848
1853
1859
1864
1883
1895
1912
1915
1927
1931
1931
1933
1940
1940
1942
1944
1945
1947
1949
1957
1958
1962
1971
1974
1979
2002
2006
2009
2016
2019
2021
2024
2029
2032
2035
2035
2044
2047
2049
2052
2060
2064
2071
2074
2075
2086
2087
2091
2095
2098
2098
2106
2107
2109
2110
2112
2113
2115
2116
2117
2120
2125
2128
2138
2145
2151
2155
2157
2159
2159
2163
2166
2168
2177
2179
2183
2186
2189
2192
2193
2194
2203
2214
2216
2233
2238
2240
2241
2243
2261
2262
2264
2266
2272
2276
2277
2278
2283
2290
2295
2296
2303
2308
2315
2316
2317
2323
2337
2337
2338
2343
2348
2353
2357
2357
2369
2374
2381
2382
2386
2389
2399
2402
2406
2414
2414
2416
2420
2421
2421
2426
2434
2448
2455
2463
2471
2475
2482
2483
2496
2511
2525
2526
2526
2535
2539
2542
2549
2556
2556
2561
2565
2568
2573
2575
2583
2583
2586
2589
2599
2604
2605
2621
2622
2629
2638
2644
2650
2652
2652
2652
2660
2662
2663
2664
2665
2693
2694
2711
2724
2724
2728
2757
2758
2761
2762
2764
2764
2765
2771
2772
2783
2790
2792
2794
2798
2801
2803
2806
2810
2816
2825
2830
2839
2854
2854
2858
2860
2870
2879
2881
2884
2885
2898
2905
2914
2921
2926
2934
2935
2938
2940
2953
2962
2964
2965
2966
2969
2970
2977
2983
2983
2984
2988
2996
2996
3000
3002
3004
3010
3014
3016
3017
3022
3036
3036
3048
3050
3056
3064
3065
3066
3069
3070
3076
3079
3084
3088
3092
3094
3097
3097
3100
3103
3110
3117
3119
3141
3143
3150
3152
3159
3160
3161
3167
3167
3167
3169
3173
3183
3185
3187
3190
3195
3204
3207
3211
3213
3214
3220
3220
3224
3225
3227
3229
3241
3242
3250
3251
3253
3259
3261
3263
3264
3267
3275
3282
3282
3284
3288
3288
3293
3296
3303
3313
3325
3325
3336
3337
3341
3342
3342
3351
3353
3356
3357
3362
3365
3372
3376
3381
3382
3394
3399
3400
3407
3408
3413
3419
3427
3435
3441
3441
3445
3447
3453
3455
3467
3467
3468
3471
3479
3486
3487
3488
3492
3495
3499
3505
3511
3511
3511
3513
3517
3523
3532
3535
3544
3548
3549
3549
3552
3553
3560
3561
3562
3562
3569
3570
3572
3573
3575
3579
3585
3587
3596
3599
3608
3615
3627
3628
3633
3641
3642
3643
3652
3654
3655
3660
3660
3669
3672
3677
3686
3689
3690
3694
3698
3708
3710
3717
3726
3739
3741
3754
3755
3768
3773
3774
3785
3791
3795
3813
3821
3830
3833
3834
3839
3842
3849
3852
3855
3863
3870
3876
3876
3885
3891
3895
3898
3898
3898
3899
3905
3905
3910
3912
3916
3919
3932
3950
3953
3953
3960
3970
3973
3975
3975
3990
3998
4000
4000
4004
4007
4008
4010
4016
4026
4027
4044
4050
4053
4062
4072
4077
4078
4082
4091
4099
4100
4103
4111
4122
4124
4125
4127
4140
4143
4152
4153
4153
4153
4164
4169
4171
4176
4181
4182
4193
4198
4204
4204
4205
4218
4222
4224
4227
4233
4238
4244
4255
4257
4258
4266
4276
4278
4279
4312
4316
4317
4320
4322
4334
4335
4338
4341
4344
4362
4372
4387
4392
4392
4396
4398
4400
4402
4424
4429
4432
4438
4444
4449
4455
4464
4494
4503
4504
4507
4514
4518
4523
4523
4526
4528
4530
4534
4546
4548
4554
4568
4576
4577
4581
4586
4593
4595
4600
4601
4613
4613
4616
4616
4618
4627
4641
4656
4663
4670
4673
4680
4683
4703
4721
4722
4723
4725
4739
4744
4744
4753
4753
4755
4764
4765
4774
4778
4780
4793
4794
4799
4804
4806
4806
4808
4816
4829
4850
4872
4873
4873
4876
4879
4880
4885
4891
4900
4907
4910
4911
4913
4929
4929
4930
4941
4950
4955
4956
4961
4962
4966
4967
4993
1
5
13
20
26
32
33
57
59
67
69
74
75
88
90
92
93
96
96
101
114
125
128
131
133
135
148
151
154
159
161
162
166
169
173
177
178
179
179
183
184
189
190
197
206
212
216
220
221
239
240
252
256
261
262
267
273
277
282
282
305
307
315
318
320
328
330
344
345
345
347
347
351
361
364
366
367
372
374
384
387
389
394
408
419
430
430
431
433
457
458
458
462
464
469
471
473
474
477
478
481
488
494
496
501
510
514
516
517
518
528
530
532
537
539
541
544
547
564
565
575
578
579
589
600
604
607
620
621
622
628
650
663
664
674
677
679
679
679
683
689
692
697
702
702
705
710
714
721
722
728
730
737
747
766
786
789
793
794
797
799
807
816
824
832
837
838
839
849
854
865
868
869
869
877
881
883
883
883
886
891
894
897
897
899
902
906
915
919
923
923
933
934
937
939
948
948
949
957
963
965
987
996
1002
1006
1006
1027
1031
1036
1045
1048
1052
1054
1059
1062
1063
1065
1067
1070
1071
1072
1076
1087
1093
1094
1098
1100
1114
1116
1118
1122
1130
1131
1139
1148
1159
1161
1183
1186
1189
1192
1199
1201
1204
1213
1224
1225
1237
1240
1253
1254
1258
1259
1261
1263
1264
1266
1272
1276
1285
1288
1288
1289
1294
1297
1298
1299
1303
1314
1315
1343
1344
1351
1354
1356
1356
1361
1370
1382
1385
1392
1405
1410
1411
1413
1418
1425
1428
1430
1435
1438
1441
1443
1460
1465
1467
1471
1473
1475
1484
1484
1486
1495
1498
1499
1503
1506
1511
1519
1519
1519
1528
1534
1534
1535
1537
1549
1555
1573
1577
1578
1586
1586
1593
1594
1595
1598
1598
1606
1616
1622
1626
1626
1627
1640
1647
1651
1654
1657
1662
1665
1678
1687
1688
1702
1703
1713
1722
1723
1729
1741
1747
1752
1753
1757
1757
1777
1784
1784
1785
1798
1812
1820
1827
1827
1834
1834
1835
1848
1853
1859
1864
1883
1895
1912
1915
1927
1931
1931
1933
1940
1940
1942
1944
1945
1947
1949
1957
1958
1962
1971
1974
1979
2002
2006
2009
2016
2019
2021
2024
2029
2032
2035
2035
2044
2047
2049
2052
2060
2064
2071
2074
2075
2086
2087
2091
2095
2098
2098
2106
2107
2109
2110
2112
2113
2115
2116
2117
2120
2125
2128
2138
2145
2151
2155
2157
2159
2159
2163
2166
2168
2177
2179
2183
2186
2189
2192
2193
2194
2203
2214
2216
2233
2238
2240
2241
2243
2261
2262
2264
2266
2272
2276
2277
2278
2283
2290
2295
2296
2303
2308
2315
2316
2317
2323
2337
2337
2338
2343
2348
2353
2357
2357
2369
2374
2381
2382
2386
2389
2399
2402
2406
2414
2414
2416
2420
2421
2421
2426
2434
2448
2455
2463
2471
2475
2482
2483
2496
2511
2525
2526
2526
2535
2539
2542
2549
2556
2556
2561
2565
2568
2573
2575
2583
2583
2586
2589
2599
2604
2605
2621
2622
2629
2638
2644
2650
2652
2652
2652
2660
2662
2663
2664
2665
2693
2694
2711
2724
2724
2728
2757
2758
2761
2762
2764
2764
2765
2771
2772
2783
2790
2792
2794
2798
2801
2803
2806
2810
2816
2825
2830
2839
2854
2854
2858
2860
2870
2879
2881
2884
2885
2898
2905
2914
2921
2926
2934
2935
2938
2940
2953
2962
2964
2965
2966
2969
2970
2977
2983
2983
2984
2988
2996
2996
3000
3002
3004
3010
3014
3016
3017
3022
3036
3036
3048
3050
3056
3064
3065
3066
3069
3070
3076
3079
3084
3088
3092
3094
3097
3097
3100
3103
3110
3117
3119
3141
3143
3150
3152
3159
3160
3161
3167
3167
3167
3169
3173
3183
3185
3187
3190
3195
3204
3207
3211
3213
3214
3220
3220
3224
3225
3227
3229
3241
3242
3250
3251
3253
3259
3261
3263
3264
3267
3275
3282
3282
3284
3288
3288
3293
3296
3303
3313
3325
3325
3336
3337
3341
3342
3342
3351
3353
3356
3357
3362
3365
3372
3376
3381
3382
3394
3399
3400
3407
3408
3413
3419
3427
3435
3441
3441
3445
3447
3453
3455
3467
3467
3468
3471
3479
3486
3487
3488
3492
3495
3499
3505
3511
3511
3511
3513
3517
3523
3532
3535
3544
3548
3549
3549
3552
3553
3560
3561
3562
3562
3569
3570
3572
3573
3575
3579
3585
3587
3596
3599
3608
3615
3627
3628
3633
3641
3642
3643
3652
3654
3655
3660
3660
3669
3672
3677
3686
3689
3690
3694
3698
3708
3710
3717
3726
3739
3741
3754
3755
3768
3773
3774
3785
3791
3795
3813
3821
3830
3833
3834
3839
3842
3849
3852
3855
3863
3870
3876
3876
3885
3891
3895
3898
3898
3898
3899
3905
3905
3910
3912
3916
3919
3932
3950
3953
3953
3960
3970
3973
3975
3975
3990
3998
4000
4000
4004
4007
4008
4010
4016
4026
4027
4044
4050
4053
4062
4072
4077
4078
4082
4091
4099
4100
4103
4111
4122
4124
4125
4127
4140
4143
4152
4153
4153
4153
4164
4169
4171
4176
4181
4182
4193
4198
4204
4204
4205
4218
4222
4224
4227
4233
4238
4244
4255
4257
4258
4266
4276
4278
4279
4312
4316
4317
4320
4322
4334
4335
4338
4341
4344
4362
4372
4387
4392
4392
4396
4398
4400
4402
4424
4429
4432
4438
4444
4449
4455
4464
4494
4503
4504
4507
4514
4518
4523
4523
4526
4528
4530
4534
4546
4548
4554
4568
4576
4577
4581
4586
4593
4595
4600
4601
4613
4613
4616
4616
4618
4627
4641
4656
4663
4670
4673
4680
4683
4703
4721
4722
4723
4725
4739
4744
4744
4753
4753
4755
4764
4765
4774
4778
4780
4793
4794
4799
4804
4806
4806
4808
4816
4829
4850
4872
4873
4873
4876
4879
4880
4885
4891
4900
4907
4910
4911
4913
4929
4929
4930
4941
4950
4955
4956
4961
4962
4966
4967
4993
