2794
2575
1418
221
96
69
26
5
1
13
20
33
32
59
57
67
75
74
90
88
92
93
161
131
114
96
101
128
125
154
135
133
151
148
159
216
179
166
162
169
177
173
178
212
184
179
183
190
189
206
197
220
839
679
261
239
252
240
256
589
430
345
328
277
273
267
262
282
282
320
318
315
305
307
344
330
361
347
345
351
347
408
372
364
367
366
389
384
374
387
394
419
544
514
481
464
430
462
458
457
431
433
458
469
478
473
471
474
477
488
501
494
496
510
530
516
518
517
528
537
532
541
539
579
565
547
564
578
575
664
621
607
604
600
620
628
622
650
663
677
674
714
702
679
689
679
683
692
697
710
705
702
794
747
737
722
721
728
730
786
766
793
789
807
799
797
838
837
832
824
816
1161
965
849
897
865
854
886
883
877
868
869
869
881
883
883
894
891
897
948
934
919
902
899
915
906
933
923
923
939
937
957
949
948
963
1006
1002
996
987
1027
1006
1059
1052
1045
1036
1031
1048
1054
1159
1070
1067
1065
1062
1063
1131
1076
1071
1072
1118
1098
1087
1094
1093
1114
1100
1116
1122
1130
1148
1139
1410
1288
1240
1199
1186
1183
1192
1189
1237
1224
1213
1201
1204
1225
1264
1259
1253
1254
1258
1261
1263
1276
1266
1272
1285
1294
1288
1289
1385
1354
1298
1297
1299
1303
1351
1343
1314
1315
1344
1370
1361
1356
1356
1382
1405
1392
1413
1411
1827
1549
1467
1441
1435
1428
1425
1430
1438
1443
1460
1465
1519
1498
1484
1473
1471
1475
1495
1484
1486
1499
1503
1506
1511
1519
1534
1528
1519
1535
1534
1537
1688
1678
1577
1573
1555
1586
1578
1593
1586
1598
1594
1595
1616
1598
1606
1662
1640
1626
1622
1626
1627
1657
1654
1647
1651
1665
1687
1784
1753
1723
1713
1702
1703
1722
1729
1741
1747
1752
1757
1777
1757
1820
1812
1785
1784
1798
2414
1883
1864
1848
1835
1834
1827
1834
1859
1853
1962
1927
1895
1912
1915
1940
1931
1931
1933
1940
1947
1945
1944
1942
1957
1949
1958
2145
2029
1971
2021
2002
1974
1979
2009
2006
2016
2019
2024
2115
2098
2032
2035
2047
2044
2035
2095
2049
2064
2060
2052
2087
2086
2071
2075
2074
2091
2110
2098
2106
2109
2107
2112
2113
2120
2117
2116
2128
2125
2138
2348
2262
2240
2157
2151
2155
2168
2159
2159
2163
2166
2193
2183
2177
2179
2192
2186
2189
2238
2233
2194
2216
2203
2214
2241
2243
2261
2278
2276
2266
2264
2272
2277
2315
2283
2303
2295
2290
2296
2308
2317
2316
2337
2323
2337
2338
2343
2402
2369
2353
2357
2357
2382
2381
2374
2389
2386
2399
2406
2421
2416
2414
2420
2561
2539
2496
2434
2426
2421
2482
2471
2463
2448
2455
2475
2483
2535
2526
2511
2525
2526
2556
2549
2542
2556
2568
2565
2573
2589
2586
2583
2583
2644
2604
2599
2605
2621
2638
2622
2629
2764
2724
2711
2652
2650
2663
2652
2660
2652
2662
2664
2694
2693
2665
2762
2758
2728
2724
2757
2761
2765
2764
2772
2771
2792
2790
2783
3754
2921
2879
2810
2806
2798
2801
2803
2854
2825
2816
2839
2830
2870
2858
2854
2860
2898
2885
2884
2881
2914
2905
3562
3173
3079
2962
2935
2934
2926
2940
2938
2953
2983
2965
2964
2969
2966
2970
2977
3066
2983
2996
2984
2988
3036
3014
3004
2996
3000
3002
3010
3016
3022
3017
3065
3036
3056
3048
3050
3064
3070
3069
3076
3152
3117
3084
3097
3088
3094
3092
3103
3100
3097
3110
3143
3119
3141
3150
3169
3160
3159
3167
3161
3167
3167
3220
3214
3204
3183
3190
3187
3185
3195
3207
3213
3211
3455
3250
3224
3220
3229
3225
3227
3242
3241
3313
3259
3251
3253
3288
3282
3261
3263
3267
3264
3275
3284
3282
3288
3296
3293
3303
3341
3325
3337
3336
3325
3356
3353
3342
3351
3342
3365
3362
3357
3399
3394
3382
3381
3372
3376
3435
3427
3407
3400
3413
3408
3419
3447
3441
3445
3441
3453
3505
3471
3467
3468
3467
3495
3486
3479
3492
3488
3487
3499
3523
3511
3511
3513
3511
3517
3549
3544
3532
3535
3548
3549
3560
3553
3552
3561
3739
3677
3596
3585
3573
3562
3570
3569
3572
3575
3579
3587
3628
3627
3599
3615
3608
3652
3641
3633
3643
3642
3660
3655
3654
3660
3669
3672
3694
3686
3690
3689
3708
3698
3717
3710
3726
3741
3973
3899
3813
3768
3755
3774
3773
3791
3785
3795
3839
3833
3830
3821
3834
3898
3863
3855
3849
3842
3852
3891
3876
3870
3885
3876
3895
3898
3898
3912
3905
3910
3905
3932
3919
3916
3953
3950
3953
3960
3970
4153
3998
3975
3990
3975
4000
4100
4099
4008
4004
4000
4007
4016
4010
4062
4050
4026
4044
4027
4053
4091
4072
4077
4078
4082
4140
4125
4103
4124
4111
4122
4127
4152
4143
4744
4334
4258
4182
4164
4153
4153
4176
4169
4171
4181
4227
4193
4204
4198
4204
4205
4222
4218
4224
4233
4238
4257
4255
4244
4279
4276
4266
4278
4312
4320
4316
4317
4322
4503
4335
4429
4372
4344
4341
4338
4362
4398
4387
4392
4396
4392
4424
4400
4402
4449
4444
4438
4432
4494
4464
4455
4586
4523
4518
4504
4514
4507
4554
4526
4523
4534
4528
4530
4548
4546
4577
4568
4576
4581
4616
4613
4601
4595
4593
4600
4613
4680
4618
4616
4627
4673
4641
4663
4656
4670
4725
4683
4721
4703
4723
4722
4739
4913
4794
4755
4744
4753
4753
4774
4764
4765
4778
4780
4793
4829
4806
4804
4799
4806
4808
4816
4880
4872
4850
4879
4873
4876
4873
4900
4891
4885
4910
4907
4911
4941
4929
4929
4930
4950
4967
4962
4956
4955
4961
4966
4993
