02794
3754
2575
2921
1418
1827
1549
2414
1883
3973
3562
221
1688
4153
1962
1784
839
4744
3173
1161
679
261
4913
3079
2879
1410
4941
3220
3152
965
714
1753
4794
589
2962
2145
794
2589
2983
1006
4829
3117
4334
1027
1467
2644
3739
2029
4503
2810
4335
96
4755
2764
2765
3455
3169
3250
1678
1288
4586
430
664
4523
544
345
3677
1294
3066
2348
1687
3505
3694
4429
3313
3998
69
328
2724
1971
4258
1864
4182
2402
3596
1240
1006
1264
2262
807
4616
4372
1059
579
3628
4518
514
3341
2421
481
530
849
4744
1519
2854
3084
2561
1519
3097
2539
161
216
537
2772
2240
2771
2604
1199
4774
3259
2115
3523
2098
2711
4398
3471
4449
897
3356
2278
4444
1498
1159
488
3627
1186
3899
2983
1441
4279
565
1499
1723
361
3741
344
2315
2032
516
4554
1577
2996
897
464
2965
2556
347
1927
4164
1940
4526
408
1385
1052
948
1534
2157
2825
3652
4613
1070
2021
3912
1484
4000
1848
4504
330
1054
2168
1405
3288
3708
3143
4100
1940
3282
4227
2969
131
934
1586
3365
4099
4950
2586
2369
865
3353
2120
2382
179
3088
1045
212
2605
1593
1192
501
2389
3813
166
3839
1535
702
494
2193
2652
2183
114
3070
4344
3833
1947
2128
3399
3511
886
3975
4140
169
3094
3160
2283
710
883
2762
3036
3103
1503
3660
1443
3261
1598
4753
1259
4494
2159
1276
2496
4008
4233
2806
919
3898
3092
2792
1354
4967
1266
3585
2303
4016
747
3932
2935
1131
3768
4312
4534
1729
3224
96
1616
4806
4362
3325
1237
3905
2238
2599
2151
3065
4962
26
4424
1253
372
1598
4193
4880
2110
4548
3467
3495
3511
894
2663
33
4546
3159
1076
2112
1713
3036
3263
3076
883
4004
1118
1254
154
838
3717
1573
786
1820
621
3549
389
1370
2117
4601
469
4204
2964
2002
518
628
3686
3599
3229
1931
1662
4680
2276
4929
384
3342
1098
2381
3863
2353
3655
528
3435
4577
1473
101
4238
3641
1435
679
3225
4900
1812
3214
277
2816
3891
3394
1945
3447
3910
1189
3855
3056
1288
939
2317
2035
2568
4010
4528
883
547
1640
2177
75
4891
3150
902
2233
2434
1298
4806
1428
184
3905
2416
128
2549
1361
4276
74
159
2482
1931
1460
4198
2870
4278
1859
4062
4618
4627
2337
4673
3726
1722
933
2483
3251
430
462
4595
2535
345
957
4050
1285
3220
179
3288
190
4387
4176
4257
4764
3643
3690
2098
273
2266
2009
3876
915
183
5
2898
1757
3549
1853
3919
1122
3014
3898
1
4152
4341
2047
3560
3204
59
1657
3953
2934
458
1297
2758
4514
4255
2159
2357
3615
2565
3119
2984
2095
2858
4613
2155
3382
4956
220
3830
4000
1741
2106
3242
3337
135
3227
705
2241
2049
3468
4400
2386
4910
177
3183
2426
2798
3950
4053
1777
478
607
737
4725
2761
4091
2664
2728
2940
3544
282
1272
1495
1299
3190
4808
2192
2953
2526
282
1430
351
3885
2511
4125
1594
3453
3016
4320
2885
1586
267
1303
799
320
3755
3207
2414
766
2194
1957
2471
3486
364
3167
1438
1048
578
1258
949
1506
2621
2652
4683
1958
3069
3774
3253
4961
1392
3427
689
1114
3336
3689
2006
4103
1895
4438
3195
4523
4641
3849
2860
4169
2308
3362
692
2295
2357
1261
4124
3284
3441
2316
387
2525
604
2296
3407
3351
3834
3004
948
2970
620
1036
4993
1071
1148
837
793
877
937
4721
318
2064
67
3467
3022
1835
3110
2216
2109
1002
394
4723
457
2186
1537
1528
3791
1087
4026
3573
899
4600
4816
3141
4204
677
374
923
262
2179
1595
1067
4722
789
832
2044
2977
1356
3413
4127
3100
1519
3296
1974
1785
1834
1351
3282
824
2113
722
2420
3553
510
622
1224
2914
3241
2087
3213
3821
2337
206
151
3532
3097
2016
881
3654
3562
3017
1100
2694
2475
1471
367
90
3187
906
315
2116
868
797
3185
2163
1933
2801
189
1979
3710
4872
2086
1784
431
2926
4955
4879
575
1213
1130
3161
2854
4153
3842
1949
4205
2573
564
2996
2272
88
178
4765
4222
2583
1747
2790
473
2125
4143
3575
2323
3953
4663
4907
148
471
4111
3408
2189
816
305
1289
963
3773
1116
996
3561
4153
923
4392
2583
2905
1484
854
2071
1413
4703
1912
4464
987
2060
1798
1654
4873
721
1757
3548
239
679
1201
2203
1944
2035
3633
1343
4568
2988
4929
2693
3587
4778
697
2966
541
3357
1382
2764
347
3660
4670
13
3267
307
419
2138
4181
3870
2463
1263
1475
3167
1411
1031
1065
4930
3669
1647
173
1534
4432
2839
532
4593
4876
1425
4044
4911
4072
3608
2052
2638
1094
2660
3579
1606
1702
252
2526
3852
3492
1915
3010
125
4316
4850
3570
3303
4396
2884
4317
1062
4530
2881
4804
1555
4392
728
3990
1225
3275
32
4077
2264
1511
3048
2166
4218
458
1486
3325
496
3572
3419
197
57
2091
2448
1072
1752
1183
2214
3167
4122
2243
2107
162
2421
1703
650
2650
2277
517
1314
4171
4078
3513
1578
4244
1834
3898
3381
674
663
92
1626
3488
2019
256
133
3569
1665
4322
730
2075
1204
3479
4338
2024
4780
2938
3876
3895
2662
2074
3400
2338
3698
4507
1344
1651
3672
3535
3517
3293
4873
2343
1622
4027
3552
2757
2261
3050
3211
3785
3372
2542
240
2406
4082
4793
2652
4739
600
3487
3000
1139
539
93
433
3642
3916
366
2622
4753
4455
1626
4007
4616
3445
3064
4885
2830
4224
3960
869
869
20
1063
4266
4576
3975
3795
1093
2556
3511
2665
2803
1356
2783
1315
3264
474
1942
4402
891
3002
2629
2455
3499
3376
3441
1627
2724
683
477
702
3342
2374
2290
4799
1465
2399
3970
1827
4581
4656
4966
